3,2
3,1
3,3
10,238
10,112
10,106
10,228
10,14
10,208
10,126
8,12
8,15
8,9
8,6
8,2
8,3
59,3
59,2
59,1
59,0
55,3
55,2
55,1
55,0
51,2
51,0
20,3
20,2
20,1
19,3
19,2
19,1
12,3
12,2
12,1
11,30
11,29
11,28
11,27
11,26
11,25
11,24
11,23
11,22
11,21
11,20
11,19
11,18
11,17
11,16
11,15
11,14
11,13
11,12
11,11
11,10
11,9
11,8
11,7
11,6
11,5
11,4
11,3
11,2
11,1
10,310
10,308
10,306
10,304
10,302
10,300
10,298
10,297
10,296
10,295
10,294
10,292
10,289
10,286
10,284
10,283
10,282
10,278
18,1
10,277
18,3
10,276
10,257
10,219
10,206
10,204
10,197
10,184
10,163
10,145
10,105
10,104
10,67
10,31
